// Game: Quake
// Format: Standard
// entity 0
{
"classname" "worldspawn"
"_tb_soft_map_bounds" "-18000 -18000 -18000 18000 18000 18000"
"wad" "START.WAD"
"light" "200"
// brush 0
{
( -1024 -128 -1032 ) ( -1024 -126 -1032 ) ( -1024 -128 -1030 ) city1_4 0 0 0 1 1
( -128 -1024 -1032 ) ( -128 -1024 -1030 ) ( -126 -1024 -1032 ) city1_4 0 0 0 1 1
( -128 -128 -1032 ) ( -126 -128 -1032 ) ( -128 -126 -1032 ) city1_4 0 0 0 1 1
( 128 128 -1000 ) ( 128 130 -1000 ) ( 130 128 -1000 ) city1_4 0 0 0 1 1
( 128 1024 -968 ) ( 130 1024 -968 ) ( 128 1024 -966 ) city1_4 0 0 0 1 1
( 1024 128 -968 ) ( 1024 128 -966 ) ( 1024 130 -968 ) city1_4 0 0 0 1 1
}
// brush 1
{
( -1056 1056 -136 ) ( -1056 1056 -134 ) ( -1056 1054 -136 ) metal5_4 0 0 0 1 1
( 128 1024 120 ) ( 128 1024 122 ) ( 130 1024 120 ) metal5_4 0 0 0 1 1
( -128 1056 -1032 ) ( -128 1054 -1032 ) ( -126 1056 -1032 ) metal5_4 0 0 0 1 1
( 128 992 1048 ) ( 130 992 1048 ) ( 128 990 1048 ) metal5_4 0 0 0 1 1
( -128 1056 -136 ) ( -126 1056 -136 ) ( -128 1056 -134 ) metal5_4 0 0 0 1 1
( 1056 992 120 ) ( 1056 990 120 ) ( 1056 992 122 ) metal5_4 0 0 0 1 1
}
// brush 2
{
( -1056 -1024 -136 ) ( -1056 -1024 -134 ) ( -1056 -1026 -136 ) metal5_4 0 0 0 1 1
( 128 -1056 120 ) ( 128 -1056 122 ) ( 130 -1056 120 ) metal5_4 0 0 0 1 1
( -128 -1024 -1032 ) ( -128 -1026 -1032 ) ( -126 -1024 -1032 ) metal5_4 0 0 0 1 1
( 128 -1088 1048 ) ( 130 -1088 1048 ) ( 128 -1090 1048 ) metal5_4 0 0 0 1 1
( -128 -1024 -136 ) ( -126 -1024 -136 ) ( -128 -1024 -134 ) metal5_4 0 0 0 1 1
( 1056 -1088 120 ) ( 1056 -1090 120 ) ( 1056 -1088 122 ) metal5_4 0 0 0 1 1
}
// brush 3
{
( 1024 -128 -136 ) ( 1024 -126 -136 ) ( 1024 -128 -134 ) metal5_4 0 0 0 1 1
( 1024 -1024 -136 ) ( 1024 -1024 -134 ) ( 1026 -1024 -136 ) metal5_4 0 0 0 1 1
( 1024 -128 -1032 ) ( 1026 -128 -1032 ) ( 1024 -126 -1032 ) metal5_4 0 0 0 1 1
( 1088 128 1048 ) ( 1088 130 1048 ) ( 1090 128 1048 ) metal5_4 0 0 0 1 1
( 1088 1024 120 ) ( 1090 1024 120 ) ( 1088 1024 122 ) metal5_4 0 0 0 1 1
( 1056 128 120 ) ( 1056 128 122 ) ( 1056 130 120 ) metal5_4 0 0 0 1 1
}
// brush 4
{
( -1056 -128 -136 ) ( -1056 -126 -136 ) ( -1056 -128 -134 ) metal5_4 0 0 0 1 1
( -1056 -1024 -136 ) ( -1056 -1024 -134 ) ( -1054 -1024 -136 ) metal5_4 0 0 0 1 1
( -1056 -128 -1032 ) ( -1054 -128 -1032 ) ( -1056 -126 -1032 ) metal5_4 0 0 0 1 1
( -992 128 1048 ) ( -992 130 1048 ) ( -990 128 1048 ) metal5_4 0 0 0 1 1
( -992 1024 120 ) ( -990 1024 120 ) ( -992 1024 122 ) metal5_4 0 0 0 1 1
( -1024 128 120 ) ( -1024 128 122 ) ( -1024 130 120 ) metal5_4 0 0 0 1 1
}
// brush 5
{
( -1024 -128 1016 ) ( -1024 -126 1016 ) ( -1024 -128 1018 ) sky1 0 0 0 1 1
( -128 -1024 1016 ) ( -128 -1024 1018 ) ( -126 -1024 1016 ) sky1 0 0 0 1 1
( -128 -128 1016 ) ( -126 -128 1016 ) ( -128 -126 1016 ) sky1 0 0 0 1 1
( 128 128 1048 ) ( 128 130 1048 ) ( 130 128 1048 ) sky1 0 0 0 1 1
( 128 1024 1080 ) ( 130 1024 1080 ) ( 128 1024 1082 ) sky1 0 0 0 1 1
( 1024 128 1080 ) ( 1024 128 1082 ) ( 1024 130 1080 ) sky1 0 0 0 1 1
}
}
// entity 1
{
"classname" "info_player_coop"
"origin" "416 928 -948"
"angle" "0"
}
// entity 2
{
"classname" "info_player_deathmatch"
"origin" "416 800 -948"
"angle" "0"
}
// entity 3
{
"classname" "info_player_start"
"origin" "416 672 -948"
"angle" "0"
}
