// Game: Quake
// Format: Standard
// entity 0
{
"classname" "worldspawn"
"_tb_soft_map_bounds" "-18000 -18000 -18000 18000 18000 18000"
"wad" "START.WAD"
"light" "200"
// brush 0
{
( -2048 -256 -2072 ) ( -2048 -252 -2072 ) ( -2048 -256 -2068 ) city1_4 0 0 0 1 1
( -256 -2048 -2072 ) ( -256 -2048 -2068 ) ( -252 -2048 -2072 ) city1_4 0 0 0 1 1
( -256 -256 -2072 ) ( -252 -256 -2072 ) ( -256 -252 -2072 ) city1_4 0 0 0 1 1
( 256 256 -2008 ) ( 256 260 -2008 ) ( 260 256 -2008 ) city1_4 0 0 0 1 1
( 256 2048 -1944 ) ( 260 2048 -1944 ) ( 256 2048 -1940 ) city1_4 0 0 0 1 1
( 2048 256 -1944 ) ( 2048 256 -1940 ) ( 2048 260 -1944 ) city1_4 0 0 0 1 1
}
// brush 1
{
( -2112 2112 -280 ) ( -2112 2112 -276 ) ( -2112 2108 -280 ) metal5_4 0 0 0 1 1
( 256 2048 232 ) ( 256 2048 236 ) ( 260 2048 232 ) metal5_4 0 0 0 1 1
( -256 2112 -2072 ) ( -256 2108 -2072 ) ( -252 2112 -2072 ) metal5_4 0 0 0 1 1
( 256 1984 2088 ) ( 260 1984 2088 ) ( 256 1980 2088 ) metal5_4 0 0 0 1 1
( -256 2112 -280 ) ( -252 2112 -280 ) ( -256 2112 -276 ) metal5_4 0 0 0 1 1
( 2112 1984 232 ) ( 2112 1980 232 ) ( 2112 1984 236 ) metal5_4 0 0 0 1 1
}
// brush 2
{
( -2112 -2048 -280 ) ( -2112 -2048 -276 ) ( -2112 -2052 -280 ) metal5_4 0 0 0 1 1
( 256 -2112 232 ) ( 256 -2112 236 ) ( 260 -2112 232 ) metal5_4 0 0 0 1 1
( -256 -2048 -2072 ) ( -256 -2052 -2072 ) ( -252 -2048 -2072 ) metal5_4 0 0 0 1 1
( 256 -2176 2088 ) ( 260 -2176 2088 ) ( 256 -2180 2088 ) metal5_4 0 0 0 1 1
( -256 -2048 -280 ) ( -252 -2048 -280 ) ( -256 -2048 -276 ) metal5_4 0 0 0 1 1
( 2112 -2176 232 ) ( 2112 -2180 232 ) ( 2112 -2176 236 ) metal5_4 0 0 0 1 1
}
// brush 3
{
( 2048 -256 -280 ) ( 2048 -252 -280 ) ( 2048 -256 -276 ) metal5_4 0 0 0 1 1
( 2048 -2048 -280 ) ( 2048 -2048 -276 ) ( 2052 -2048 -280 ) metal5_4 0 0 0 1 1
( 2048 -256 -2072 ) ( 2052 -256 -2072 ) ( 2048 -252 -2072 ) metal5_4 0 0 0 1 1
( 2176 256 2088 ) ( 2176 260 2088 ) ( 2180 256 2088 ) metal5_4 0 0 0 1 1
( 2176 2048 232 ) ( 2180 2048 232 ) ( 2176 2048 236 ) metal5_4 0 0 0 1 1
( 2112 256 232 ) ( 2112 256 236 ) ( 2112 260 232 ) metal5_4 0 0 0 1 1
}
// brush 4
{
( -2112 -256 -280 ) ( -2112 -252 -280 ) ( -2112 -256 -276 ) metal5_4 0 0 0 1 1
( -2112 -2048 -280 ) ( -2112 -2048 -276 ) ( -2108 -2048 -280 ) metal5_4 0 0 0 1 1
( -2112 -256 -2072 ) ( -2108 -256 -2072 ) ( -2112 -252 -2072 ) metal5_4 0 0 0 1 1
( -1984 256 2088 ) ( -1984 260 2088 ) ( -1980 256 2088 ) metal5_4 0 0 0 1 1
( -1984 2048 232 ) ( -1980 2048 232 ) ( -1984 2048 236 ) metal5_4 0 0 0 1 1
( -2048 256 232 ) ( -2048 256 236 ) ( -2048 260 232 ) metal5_4 0 0 0 1 1
}
// brush 5
{
( -2048 -256 2024 ) ( -2048 -252 2024 ) ( -2048 -256 2028 ) sky1 0 0 0 1 1
( -256 -2048 2024 ) ( -256 -2048 2028 ) ( -252 -2048 2024 ) sky1 0 0 0 1 1
( -256 -256 2024 ) ( -252 -256 2024 ) ( -256 -252 2024 ) sky1 0 0 0 1 1
( 256 256 2088 ) ( 256 260 2088 ) ( 260 256 2088 ) sky1 0 0 0 1 1
( 256 2048 2152 ) ( 260 2048 2152 ) ( 256 2048 2156 ) sky1 0 0 0 1 1
( 2048 256 2152 ) ( 2048 256 2156 ) ( 2048 260 2152 ) sky1 0 0 0 1 1
}
}
// entity 1
{
"classname" "info_player_coop"
"origin" "832 1856 -1948"
"angle" "0"
}
// entity 2
{
"classname" "info_player_deathmatch"
"origin" "832 1600 -1948"
"angle" "0"
}
// entity 3
{
"classname" "info_player_start"
"origin" "832 1344 -1948"
"angle" "0"
}
