// Game: Quake
// Format: Standard
// entity 0
{
"classname" "worldspawn"
"_tb_soft_map_bounds" "-18000 -18000 -18000 18000 18000 18000"
"wad" "START.WAD"
"light" "200"
// brush 0
{
( -512 -64 -512 ) ( -512 -63 -512 ) ( -512 -64 -511 ) city1_4 0 0 0 1 1
( -64 -512 -512 ) ( -64 -512 -511 ) ( -63 -512 -512 ) city1_4 0 0 0 1 1
( -64 -64 -512 ) ( -63 -64 -512 ) ( -64 -63 -512 ) city1_4 0 0 0 1 1
( 64 64 -496 ) ( 64 65 -496 ) ( 65 64 -496 ) city1_4 0 0 0 1 1
( 64 512 -480 ) ( 65 512 -480 ) ( 64 512 -479 ) city1_4 0 0 0 1 1
( 512 64 -480 ) ( 512 64 -479 ) ( 512 65 -480 ) city1_4 0 0 0 1 1
}
// brush 1
{
( -528 528 -64 ) ( -528 528 -63 ) ( -528 527 -64 ) metal5_4 0 0 0 1 1
( 64 512 64 ) ( 64 512 65 ) ( 65 512 64 ) metal5_4 0 0 0 1 1
( -64 528 -512 ) ( -64 527 -512 ) ( -63 528 -512 ) metal5_4 0 0 0 1 1
( 64 496 528 ) ( 65 496 528 ) ( 64 495 528 ) metal5_4 0 0 0 1 1
( -64 528 -64 ) ( -63 528 -64 ) ( -64 528 -63 ) metal5_4 0 0 0 1 1
( 528 496 64 ) ( 528 495 64 ) ( 528 496 65 ) metal5_4 0 0 0 1 1
}
// brush 2
{
( -528 -512 -64 ) ( -528 -512 -63 ) ( -528 -513 -64 ) metal5_4 0 0 0 1 1
( 64 -528 64 ) ( 64 -528 65 ) ( 65 -528 64 ) metal5_4 0 0 0 1 1
( -64 -512 -512 ) ( -64 -513 -512 ) ( -63 -512 -512 ) metal5_4 0 0 0 1 1
( 64 -544 528 ) ( 65 -544 528 ) ( 64 -545 528 ) metal5_4 0 0 0 1 1
( -64 -512 -64 ) ( -63 -512 -64 ) ( -64 -512 -63 ) metal5_4 0 0 0 1 1
( 528 -544 64 ) ( 528 -545 64 ) ( 528 -544 65 ) metal5_4 0 0 0 1 1
}
// brush 3
{
( 512 -64 -64 ) ( 512 -63 -64 ) ( 512 -64 -63 ) metal5_4 0 0 0 1 1
( 512 -512 -64 ) ( 512 -512 -63 ) ( 513 -512 -64 ) metal5_4 0 0 0 1 1
( 512 -64 -512 ) ( 513 -64 -512 ) ( 512 -63 -512 ) metal5_4 0 0 0 1 1
( 544 64 528 ) ( 544 65 528 ) ( 545 64 528 ) metal5_4 0 0 0 1 1
( 544 512 64 ) ( 545 512 64 ) ( 544 512 65 ) metal5_4 0 0 0 1 1
( 528 64 64 ) ( 528 64 65 ) ( 528 65 64 ) metal5_4 0 0 0 1 1
}
// brush 4
{
( -528 -64 -64 ) ( -528 -63 -64 ) ( -528 -64 -63 ) metal5_4 0 0 0 1 1
( -528 -512 -64 ) ( -528 -512 -63 ) ( -527 -512 -64 ) metal5_4 0 0 0 1 1
( -528 -64 -512 ) ( -527 -64 -512 ) ( -528 -63 -512 ) metal5_4 0 0 0 1 1
( -496 64 528 ) ( -496 65 528 ) ( -495 64 528 ) metal5_4 0 0 0 1 1
( -496 512 64 ) ( -495 512 64 ) ( -496 512 65 ) metal5_4 0 0 0 1 1
( -512 64 64 ) ( -512 64 65 ) ( -512 65 64 ) metal5_4 0 0 0 1 1
}
// brush 5
{
( -512 -64 512 ) ( -512 -63 512 ) ( -512 -64 513 ) sky1 0 0 0 1 1
( -64 -512 512 ) ( -64 -512 513 ) ( -63 -512 512 ) sky1 0 0 0 1 1
( -64 -64 512 ) ( -63 -64 512 ) ( -64 -63 512 ) sky1 0 0 0 1 1
( 64 64 528 ) ( 64 65 528 ) ( 65 64 528 ) sky1 0 0 0 1 1
( 64 512 544 ) ( 65 512 544 ) ( 64 512 545 ) sky1 0 0 0 1 1
( 512 64 544 ) ( 512 64 545 ) ( 512 65 544 ) sky1 0 0 0 1 1
}
}
// entity 1
{
"classname" "info_player_coop"
"origin" "208 464 -440"
}
// entity 2
{
"classname" "info_player_deathmatch"
"origin" "208 400 -440"
}
// entity 3
{
"classname" "info_player_start"
"origin" "208 336 -440"
}
