// Game: Quake
// Format: Standard
// entity 0
{
"classname" "worldspawn"
"_tb_soft_map_bounds" "-18000 -18000 -18000 18000 18000 18000"
"wad" "START.WAD"
"light" "200"
// brush 0
{
( -4096 -512 -4152 ) ( -4096 -504 -4152 ) ( -4096 -512 -4144 ) city1_4 0 0 0 1 1
( -512 -4096 -4152 ) ( -512 -4096 -4144 ) ( -504 -4096 -4152 ) city1_4 0 0 0 1 1
( -512 -512 -4152 ) ( -504 -512 -4152 ) ( -512 -504 -4152 ) city1_4 0 0 0 1 1
( 512 512 -4024 ) ( 512 520 -4024 ) ( 520 512 -4024 ) city1_4 0 0 0 1 1
( 512 4096 -3896 ) ( 520 4096 -3896 ) ( 512 4096 -3888 ) city1_4 0 0 0 1 1
( 4096 512 -3896 ) ( 4096 512 -3888 ) ( 4096 520 -3896 ) city1_4 0 0 0 1 1
}
// brush 1
{
( -4224 4224 -568 ) ( -4224 4224 -560 ) ( -4224 4216 -568 ) metal5_4 0 0 0 1 1
( 512 4096 456 ) ( 512 4096 464 ) ( 520 4096 456 ) metal5_4 0 0 0 1 1
( -512 4224 -4152 ) ( -512 4216 -4152 ) ( -504 4224 -4152 ) metal5_4 0 0 0 1 1
( 512 3968 4168 ) ( 520 3968 4168 ) ( 512 3960 4168 ) metal5_4 0 0 0 1 1
( -512 4224 -568 ) ( -504 4224 -568 ) ( -512 4224 -560 ) metal5_4 0 0 0 1 1
( 4224 3968 456 ) ( 4224 3960 456 ) ( 4224 3968 464 ) metal5_4 0 0 0 1 1
}
// brush 2
{
( -4224 -4096 -568 ) ( -4224 -4096 -560 ) ( -4224 -4104 -568 ) metal5_4 0 0 0 1 1
( 512 -4224 456 ) ( 512 -4224 464 ) ( 520 -4224 456 ) metal5_4 0 0 0 1 1
( -512 -4096 -4152 ) ( -512 -4104 -4152 ) ( -504 -4096 -4152 ) metal5_4 0 0 0 1 1
( 512 -4352 4168 ) ( 520 -4352 4168 ) ( 512 -4360 4168 ) metal5_4 0 0 0 1 1
( -512 -4096 -568 ) ( -504 -4096 -568 ) ( -512 -4096 -560 ) metal5_4 0 0 0 1 1
( 4224 -4352 456 ) ( 4224 -4360 456 ) ( 4224 -4352 464 ) metal5_4 0 0 0 1 1
}
// brush 3
{
( 4096 -512 -568 ) ( 4096 -504 -568 ) ( 4096 -512 -560 ) metal5_4 0 0 0 1 1
( 4096 -4096 -568 ) ( 4096 -4096 -560 ) ( 4104 -4096 -568 ) metal5_4 0 0 0 1 1
( 4096 -512 -4152 ) ( 4104 -512 -4152 ) ( 4096 -504 -4152 ) metal5_4 0 0 0 1 1
( 4352 512 4168 ) ( 4352 520 4168 ) ( 4360 512 4168 ) metal5_4 0 0 0 1 1
( 4352 4096 456 ) ( 4360 4096 456 ) ( 4352 4096 464 ) metal5_4 0 0 0 1 1
( 4224 512 456 ) ( 4224 512 464 ) ( 4224 520 456 ) metal5_4 0 0 0 1 1
}
// brush 4
{
( -4224 -512 -568 ) ( -4224 -504 -568 ) ( -4224 -512 -560 ) metal5_4 0 0 0 1 1
( -4224 -4096 -568 ) ( -4224 -4096 -560 ) ( -4216 -4096 -568 ) metal5_4 0 0 0 1 1
( -4224 -512 -4152 ) ( -4216 -512 -4152 ) ( -4224 -504 -4152 ) metal5_4 0 0 0 1 1
( -3968 512 4168 ) ( -3968 520 4168 ) ( -3960 512 4168 ) metal5_4 0 0 0 1 1
( -3968 4096 456 ) ( -3960 4096 456 ) ( -3968 4096 464 ) metal5_4 0 0 0 1 1
( -4096 512 456 ) ( -4096 512 464 ) ( -4096 520 456 ) metal5_4 0 0 0 1 1
}
// brush 5
{
( -4096 -512 4040 ) ( -4096 -504 4040 ) ( -4096 -512 4048 ) sky1 0 0 0 1 1
( -512 -4096 4040 ) ( -512 -4096 4048 ) ( -504 -4096 4040 ) sky1 0 0 0 1 1
( -512 -512 4040 ) ( -504 -512 4040 ) ( -512 -504 4040 ) sky1 0 0 0 1 1
( 512 512 4168 ) ( 512 520 4168 ) ( 520 512 4168 ) sky1 0 0 0 1 1
( 512 4096 4296 ) ( 520 4096 4296 ) ( 512 4096 4304 ) sky1 0 0 0 1 1
( 4096 512 4296 ) ( 4096 512 4304 ) ( 4096 520 4296 ) sky1 0 0 0 1 1
}
}
// entity 1
{
"classname" "info_player_coop"
"origin" "1664 3712 -3964"
"angle" "0"
}
// entity 2
{
"classname" "info_player_deathmatch"
"origin" "1664 3200 -3964"
"angle" "0"
}
// entity 3
{
"classname" "info_player_start"
"origin" "1664 2688 -3964"
"angle" "0"
}
