// Game: Quake
// Format: Standard
// entity 0
{
"classname" "worldspawn"
"_tb_soft_map_bounds" "-18000 -18000 -18000 18000 18000 18000"
"wad" "START.WAD"
"light" "200"
// brush 0
{
( -31744 -3968 -32232 ) ( -31744 -3906 -32232 ) ( -31744 -3968 -32170 ) city1_4 0 0 0 1 1
( -3968 -31744 -32232 ) ( -3968 -31744 -32170 ) ( -3906 -31744 -32232 ) city1_4 0 0 0 1 1
( -3968 -3968 -32232 ) ( -3906 -3968 -32232 ) ( -3968 -3906 -32232 ) city1_4 0 0 0 1 1
( 3968 3968 -31240 ) ( 3968 4030 -31240 ) ( 4030 3968 -31240 ) city1_4 0 0 0 1 1
( 3968 31744 -30248 ) ( 4030 31744 -30248 ) ( 3968 31744 -30186 ) city1_4 0 0 0 1 1
( 31744 3968 -30248 ) ( 31744 3968 -30186 ) ( 31744 4030 -30248 ) city1_4 0 0 0 1 1
}
// brush 1
{
( -32736 32736 -4456 ) ( -32736 32736 -4394 ) ( -32736 32674 -4456 ) metal5_4 0 0 0 1 1
( 3968 31744 3480 ) ( 3968 31744 3542 ) ( 4030 31744 3480 ) metal5_4 0 0 0 1 1
( -3968 32736 -32232 ) ( -3968 32674 -32232 ) ( -3906 32736 -32232 ) metal5_4 0 0 0 1 1
( 3968 30752 32248 ) ( 4030 30752 32248 ) ( 3968 30690 32248 ) metal5_4 0 0 0 1 1
( -3968 32736 -4456 ) ( -3906 32736 -4456 ) ( -3968 32736 -4394 ) metal5_4 0 0 0 1 1
( 32736 30752 3480 ) ( 32736 30690 3480 ) ( 32736 30752 3542 ) metal5_4 0 0 0 1 1
}
// brush 2
{
( -32736 -31744 -4456 ) ( -32736 -31744 -4394 ) ( -32736 -31806 -4456 ) metal5_4 0 0 0 1 1
( 3968 -32736 3480 ) ( 3968 -32736 3542 ) ( 4030 -32736 3480 ) metal5_4 0 0 0 1 1
( -3968 -31744 -32232 ) ( -3968 -31806 -32232 ) ( -3906 -31744 -32232 ) metal5_4 0 0 0 1 1
( 3968 -33728 32248 ) ( 4030 -33728 32248 ) ( 3968 -33790 32248 ) metal5_4 0 0 0 1 1
( -3968 -31744 -4456 ) ( -3906 -31744 -4456 ) ( -3968 -31744 -4394 ) metal5_4 0 0 0 1 1
( 32736 -33728 3480 ) ( 32736 -33790 3480 ) ( 32736 -33728 3542 ) metal5_4 0 0 0 1 1
}
// brush 3
{
( 31744 -3968 -4456 ) ( 31744 -3906 -4456 ) ( 31744 -3968 -4394 ) metal5_4 0 0 0 1 1
( 31744 -31744 -4456 ) ( 31744 -31744 -4394 ) ( 31806 -31744 -4456 ) metal5_4 0 0 0 1 1
( 31744 -3968 -32232 ) ( 31806 -3968 -32232 ) ( 31744 -3906 -32232 ) metal5_4 0 0 0 1 1
( 33728 3968 32248 ) ( 33728 4030 32248 ) ( 33790 3968 32248 ) metal5_4 0 0 0 1 1
( 33728 31744 3480 ) ( 33790 31744 3480 ) ( 33728 31744 3542 ) metal5_4 0 0 0 1 1
( 32736 3968 3480 ) ( 32736 3968 3542 ) ( 32736 4030 3480 ) metal5_4 0 0 0 1 1
}
// brush 4
{
( -32736 -3968 -4456 ) ( -32736 -3906 -4456 ) ( -32736 -3968 -4394 ) metal5_4 0 0 0 1 1
( -32736 -31744 -4456 ) ( -32736 -31744 -4394 ) ( -32674 -31744 -4456 ) metal5_4 0 0 0 1 1
( -32736 -3968 -32232 ) ( -32674 -3968 -32232 ) ( -32736 -3906 -32232 ) metal5_4 0 0 0 1 1
( -30752 3968 32248 ) ( -30752 4030 32248 ) ( -30690 3968 32248 ) metal5_4 0 0 0 1 1
( -30752 31744 3480 ) ( -30690 31744 3480 ) ( -30752 31744 3542 ) metal5_4 0 0 0 1 1
( -31744 3968 3480 ) ( -31744 3968 3542 ) ( -31744 4030 3480 ) metal5_4 0 0 0 1 1
}
// brush 5
{
( -31744 -3968 31256 ) ( -31744 -3906 31256 ) ( -31744 -3968 31318 ) sky1 0 0 0 1 1
( -3968 -31744 31256 ) ( -3968 -31744 31318 ) ( -3906 -31744 31256 ) sky1 0 0 0 1 1
( -3968 -3968 31256 ) ( -3906 -3968 31256 ) ( -3968 -3906 31256 ) sky1 0 0 0 1 1
( 3968 3968 32248 ) ( 3968 4030 32248 ) ( 4030 3968 32248 ) sky1 0 0 0 1 1
( 3968 31744 33240 ) ( 4030 31744 33240 ) ( 3968 31744 33302 ) sky1 0 0 0 1 1
( 31744 3968 33240 ) ( 31744 3968 33302 ) ( 31744 4030 33240 ) sky1 0 0 0 1 1
}
}
// entity 1
{
"classname" "info_player_coop"
"origin" "12896 28768 -31204"
"angle" "0"
}
// entity 2
{
"classname" "info_player_deathmatch"
"origin" "12896 24800 -31204"
"angle" "0"
}
// entity 3
{
"classname" "info_player_start"
"origin" "12896 20832 -31204"
"angle" "0"
}
