// Game: Quake
// Format: Standard
// entity 0
{
"classname" "worldspawn"
"_tb_soft_map_bounds" "-18000 -18000 -18000 18000 18000 18000"
"wad" "START.WAD"
"light" "200"
// brush 0
{
( -16384 -2048 -16632 ) ( -16384 -2016 -16632 ) ( -16384 -2048 -16600 ) city1_4 0 0 0 1 1
( -2048 -16384 -16632 ) ( -2048 -16384 -16600 ) ( -2016 -16384 -16632 ) city1_4 0 0 0 1 1
( -2048 -2048 -16632 ) ( -2016 -2048 -16632 ) ( -2048 -2016 -16632 ) city1_4 0 0 0 1 1
( 2048 2048 -16120 ) ( 2048 2080 -16120 ) ( 2080 2048 -16120 ) city1_4 0 0 0 1 1
( 2048 16384 -15608 ) ( 2080 16384 -15608 ) ( 2048 16384 -15576 ) city1_4 0 0 0 1 1
( 16384 2048 -15608 ) ( 16384 2048 -15576 ) ( 16384 2080 -15608 ) city1_4 0 0 0 1 1
}
// brush 1
{
( -16896 16896 -2296 ) ( -16896 16896 -2264 ) ( -16896 16864 -2296 ) metal5_4 0 0 0 1 1
( 2048 16384 1800 ) ( 2048 16384 1832 ) ( 2080 16384 1800 ) metal5_4 0 0 0 1 1
( -2048 16896 -16632 ) ( -2048 16864 -16632 ) ( -2016 16896 -16632 ) metal5_4 0 0 0 1 1
( 2048 15872 16648 ) ( 2080 15872 16648 ) ( 2048 15840 16648 ) metal5_4 0 0 0 1 1
( -2048 16896 -2296 ) ( -2016 16896 -2296 ) ( -2048 16896 -2264 ) metal5_4 0 0 0 1 1
( 16896 15872 1800 ) ( 16896 15840 1800 ) ( 16896 15872 1832 ) metal5_4 0 0 0 1 1
}
// brush 2
{
( -16896 -16384 -2296 ) ( -16896 -16384 -2264 ) ( -16896 -16416 -2296 ) metal5_4 0 0 0 1 1
( 2048 -16896 1800 ) ( 2048 -16896 1832 ) ( 2080 -16896 1800 ) metal5_4 0 0 0 1 1
( -2048 -16384 -16632 ) ( -2048 -16416 -16632 ) ( -2016 -16384 -16632 ) metal5_4 0 0 0 1 1
( 2048 -17408 16648 ) ( 2080 -17408 16648 ) ( 2048 -17440 16648 ) metal5_4 0 0 0 1 1
( -2048 -16384 -2296 ) ( -2016 -16384 -2296 ) ( -2048 -16384 -2264 ) metal5_4 0 0 0 1 1
( 16896 -17408 1800 ) ( 16896 -17440 1800 ) ( 16896 -17408 1832 ) metal5_4 0 0 0 1 1
}
// brush 3
{
( 16384 -2048 -2296 ) ( 16384 -2016 -2296 ) ( 16384 -2048 -2264 ) metal5_4 0 0 0 1 1
( 16384 -16384 -2296 ) ( 16384 -16384 -2264 ) ( 16416 -16384 -2296 ) metal5_4 0 0 0 1 1
( 16384 -2048 -16632 ) ( 16416 -2048 -16632 ) ( 16384 -2016 -16632 ) metal5_4 0 0 0 1 1
( 17408 2048 16648 ) ( 17408 2080 16648 ) ( 17440 2048 16648 ) metal5_4 0 0 0 1 1
( 17408 16384 1800 ) ( 17440 16384 1800 ) ( 17408 16384 1832 ) metal5_4 0 0 0 1 1
( 16896 2048 1800 ) ( 16896 2048 1832 ) ( 16896 2080 1800 ) metal5_4 0 0 0 1 1
}
// brush 4
{
( -16896 -2048 -2296 ) ( -16896 -2016 -2296 ) ( -16896 -2048 -2264 ) metal5_4 0 0 0 1 1
( -16896 -16384 -2296 ) ( -16896 -16384 -2264 ) ( -16864 -16384 -2296 ) metal5_4 0 0 0 1 1
( -16896 -2048 -16632 ) ( -16864 -2048 -16632 ) ( -16896 -2016 -16632 ) metal5_4 0 0 0 1 1
( -15872 2048 16648 ) ( -15872 2080 16648 ) ( -15840 2048 16648 ) metal5_4 0 0 0 1 1
( -15872 16384 1800 ) ( -15840 16384 1800 ) ( -15872 16384 1832 ) metal5_4 0 0 0 1 1
( -16384 2048 1800 ) ( -16384 2048 1832 ) ( -16384 2080 1800 ) metal5_4 0 0 0 1 1
}
// brush 5
{
( -16384 -2048 16136 ) ( -16384 -2016 16136 ) ( -16384 -2048 16168 ) sky1 0 0 0 1 1
( -2048 -16384 16136 ) ( -2048 -16384 16168 ) ( -2016 -16384 16136 ) sky1 0 0 0 1 1
( -2048 -2048 16136 ) ( -2016 -2048 16136 ) ( -2048 -2016 16136 ) sky1 0 0 0 1 1
( 2048 2048 16648 ) ( 2048 2080 16648 ) ( 2080 2048 16648 ) sky1 0 0 0 1 1
( 2048 16384 17160 ) ( 2080 16384 17160 ) ( 2048 16384 17192 ) sky1 0 0 0 1 1
( 16384 2048 17160 ) ( 16384 2048 17192 ) ( 16384 2080 17160 ) sky1 0 0 0 1 1
}
}
// entity 1
{
"classname" "info_player_coop"
"origin" "6656 14848 -16060"
"angle" "0"
}
// entity 2
{
"classname" "info_player_deathmatch"
"origin" "6656 12800 -16060"
"angle" "0"
}
// entity 3
{
"classname" "info_player_start"
"origin" "6656 10752 -16060"
"angle" "0"
}
