// Game: Quake
// Format: Standard
// entity 0
{
"classname" "worldspawn"
"_tb_soft_map_bounds" "-18000 -18000 -18000 18000 18000 18000"
"wad" "START.WAD"
"light" "200"
// brush 0
{
( -8192 -1024 -8312 ) ( -8192 -1008 -8312 ) ( -8192 -1024 -8296 ) city1_4 0 0 0 1 1
( -1024 -8192 -8312 ) ( -1024 -8192 -8296 ) ( -1008 -8192 -8312 ) city1_4 0 0 0 1 1
( -1024 -1024 -8312 ) ( -1008 -1024 -8312 ) ( -1024 -1008 -8312 ) city1_4 0 0 0 1 1
( 1024 1024 -8056 ) ( 1024 1040 -8056 ) ( 1040 1024 -8056 ) city1_4 0 0 0 1 1
( 1024 8192 -7800 ) ( 1040 8192 -7800 ) ( 1024 8192 -7784 ) city1_4 0 0 0 1 1
( 8192 1024 -7800 ) ( 8192 1024 -7784 ) ( 8192 1040 -7800 ) city1_4 0 0 0 1 1
}
// brush 1
{
( -8448 8448 -1144 ) ( -8448 8448 -1128 ) ( -8448 8432 -1144 ) metal5_4 0 0 0 1 1
( 1024 8192 904 ) ( 1024 8192 920 ) ( 1040 8192 904 ) metal5_4 0 0 0 1 1
( -1024 8448 -8312 ) ( -1024 8432 -8312 ) ( -1008 8448 -8312 ) metal5_4 0 0 0 1 1
( 1024 7936 8328 ) ( 1040 7936 8328 ) ( 1024 7920 8328 ) metal5_4 0 0 0 1 1
( -1024 8448 -1144 ) ( -1008 8448 -1144 ) ( -1024 8448 -1128 ) metal5_4 0 0 0 1 1
( 8448 7936 904 ) ( 8448 7920 904 ) ( 8448 7936 920 ) metal5_4 0 0 0 1 1
}
// brush 2
{
( -8448 -8192 -1144 ) ( -8448 -8192 -1128 ) ( -8448 -8208 -1144 ) metal5_4 0 0 0 1 1
( 1024 -8448 904 ) ( 1024 -8448 920 ) ( 1040 -8448 904 ) metal5_4 0 0 0 1 1
( -1024 -8192 -8312 ) ( -1024 -8208 -8312 ) ( -1008 -8192 -8312 ) metal5_4 0 0 0 1 1
( 1024 -8704 8328 ) ( 1040 -8704 8328 ) ( 1024 -8720 8328 ) metal5_4 0 0 0 1 1
( -1024 -8192 -1144 ) ( -1008 -8192 -1144 ) ( -1024 -8192 -1128 ) metal5_4 0 0 0 1 1
( 8448 -8704 904 ) ( 8448 -8720 904 ) ( 8448 -8704 920 ) metal5_4 0 0 0 1 1
}
// brush 3
{
( 8192 -1024 -1144 ) ( 8192 -1008 -1144 ) ( 8192 -1024 -1128 ) metal5_4 0 0 0 1 1
( 8192 -8192 -1144 ) ( 8192 -8192 -1128 ) ( 8208 -8192 -1144 ) metal5_4 0 0 0 1 1
( 8192 -1024 -8312 ) ( 8208 -1024 -8312 ) ( 8192 -1008 -8312 ) metal5_4 0 0 0 1 1
( 8704 1024 8328 ) ( 8704 1040 8328 ) ( 8720 1024 8328 ) metal5_4 0 0 0 1 1
( 8704 8192 904 ) ( 8720 8192 904 ) ( 8704 8192 920 ) metal5_4 0 0 0 1 1
( 8448 1024 904 ) ( 8448 1024 920 ) ( 8448 1040 904 ) metal5_4 0 0 0 1 1
}
// brush 4
{
( -8448 -1024 -1144 ) ( -8448 -1008 -1144 ) ( -8448 -1024 -1128 ) metal5_4 0 0 0 1 1
( -8448 -8192 -1144 ) ( -8448 -8192 -1128 ) ( -8432 -8192 -1144 ) metal5_4 0 0 0 1 1
( -8448 -1024 -8312 ) ( -8432 -1024 -8312 ) ( -8448 -1008 -8312 ) metal5_4 0 0 0 1 1
( -7936 1024 8328 ) ( -7936 1040 8328 ) ( -7920 1024 8328 ) metal5_4 0 0 0 1 1
( -7936 8192 904 ) ( -7920 8192 904 ) ( -7936 8192 920 ) metal5_4 0 0 0 1 1
( -8192 1024 904 ) ( -8192 1024 920 ) ( -8192 1040 904 ) metal5_4 0 0 0 1 1
}
// brush 5
{
( -8192 -1024 8072 ) ( -8192 -1008 8072 ) ( -8192 -1024 8088 ) sky1 0 0 0 1 1
( -1024 -8192 8072 ) ( -1024 -8192 8088 ) ( -1008 -8192 8072 ) sky1 0 0 0 1 1
( -1024 -1024 8072 ) ( -1008 -1024 8072 ) ( -1024 -1008 8072 ) sky1 0 0 0 1 1
( 1024 1024 8328 ) ( 1024 1040 8328 ) ( 1040 1024 8328 ) sky1 0 0 0 1 1
( 1024 8192 8584 ) ( 1040 8192 8584 ) ( 1024 8192 8600 ) sky1 0 0 0 1 1
( 8192 1024 8584 ) ( 8192 1024 8600 ) ( 8192 1040 8584 ) sky1 0 0 0 1 1
}
}
// entity 1
{
"classname" "info_player_coop"
"origin" "3344 8144 -7976"
"angle" "270"
}
// entity 2
{
"classname" "info_player_deathmatch"
"origin" "3344 8080 -7976"
"angle" "270"
}
// entity 3
{
"classname" "info_player_start"
"origin" "3344 8016 -7976"
"angle" "270"
}
// entity 4
{
"classname" "info_player_coop"
"origin" "3408 8144 -7976"
"angle" "270"
}
// entity 5
{
"classname" "info_player_deathmatch"
"origin" "3408 8080 -7976"
"angle" "270"
}
// entity 6
{
"classname" "info_player_coop"
"origin" "3472 8144 -7976"
"angle" "270"
}
// entity 7
{
"classname" "info_player_deathmatch"
"origin" "3472 8080 -7976"
"angle" "270"
}
// entity 8
{
"classname" "info_player_coop"
"origin" "3536 8144 -7976"
"angle" "270"
}
// entity 9
{
"classname" "info_player_deathmatch"
"origin" "3536 8080 -7976"
"angle" "270"
}
// entity 10
{
"classname" "info_player_coop"
"origin" "3280 8144 -7976"
"angle" "270"
}
// entity 11
{
"classname" "info_player_deathmatch"
"origin" "3280 8080 -7976"
"angle" "270"
}
// entity 12
{
"classname" "info_player_coop"
"origin" "3216 8144 -7976"
"angle" "270"
}
// entity 13
{
"classname" "info_player_deathmatch"
"origin" "3216 8080 -7976"
"angle" "270"
}
// entity 14
{
"classname" "info_player_coop"
"origin" "3152 8144 -7976"
"angle" "270"
}
// entity 15
{
"classname" "info_player_deathmatch"
"origin" "3152 8080 -7976"
"angle" "270"
}
// entity 16
{
"classname" "info_player_coop"
"origin" "3088 8144 -7976"
"angle" "270"
}
// entity 17
{
"classname" "info_player_deathmatch"
"origin" "3088 8080 -7976"
"angle" "270"
}
// entity 18
{
"classname" "info_game_start"
"origin" "3280 7920 -7976"
}
