// Game: Quake
// Format: Standard
// entity 0
{
"classname" "worldspawn"
"_tb_soft_map_bounds" "-18000 -18000 -18000 18000 18000 18000"
"wad" "START.WAD"
"light" "200"
// brush 0
{
( -9216 -1152 -9352 ) ( -9216 -1134 -9352 ) ( -9216 -1152 -9334 ) city1_4 0 0 0 1 1
( -1152 -9216 -9352 ) ( -1152 -9216 -9334 ) ( -1134 -9216 -9352 ) city1_4 0 0 0 1 1
( -1152 -1152 -9352 ) ( -1134 -1152 -9352 ) ( -1152 -1134 -9352 ) city1_4 0 0 0 1 1
( 1152 1152 -9064 ) ( 1152 1170 -9064 ) ( 1170 1152 -9064 ) city1_4 0 0 0 1 1
( 1152 9216 -8776 ) ( 1170 9216 -8776 ) ( 1152 9216 -8758 ) city1_4 0 0 0 1 1
( 9216 1152 -8776 ) ( 9216 1152 -8758 ) ( 9216 1170 -8776 ) city1_4 0 0 0 1 1
}
// brush 1
{
( -9504 9504 -1288 ) ( -9504 9504 -1270 ) ( -9504 9486 -1288 ) metal5_4 0 0 0 1 1
( 1152 9216 1016 ) ( 1152 9216 1034 ) ( 1170 9216 1016 ) metal5_4 0 0 0 1 1
( -1152 9504 -9352 ) ( -1152 9486 -9352 ) ( -1134 9504 -9352 ) metal5_4 0 0 0 1 1
( 1152 8928 9368 ) ( 1170 8928 9368 ) ( 1152 8910 9368 ) metal5_4 0 0 0 1 1
( -1152 9504 -1288 ) ( -1134 9504 -1288 ) ( -1152 9504 -1270 ) metal5_4 0 0 0 1 1
( 9504 8928 1016 ) ( 9504 8910 1016 ) ( 9504 8928 1034 ) metal5_4 0 0 0 1 1
}
// brush 2
{
( -9504 -9216 -1288 ) ( -9504 -9216 -1270 ) ( -9504 -9234 -1288 ) metal5_4 0 0 0 1 1
( 1152 -9504 1016 ) ( 1152 -9504 1034 ) ( 1170 -9504 1016 ) metal5_4 0 0 0 1 1
( -1152 -9216 -9352 ) ( -1152 -9234 -9352 ) ( -1134 -9216 -9352 ) metal5_4 0 0 0 1 1
( 1152 -9792 9368 ) ( 1170 -9792 9368 ) ( 1152 -9810 9368 ) metal5_4 0 0 0 1 1
( -1152 -9216 -1288 ) ( -1134 -9216 -1288 ) ( -1152 -9216 -1270 ) metal5_4 0 0 0 1 1
( 9504 -9792 1016 ) ( 9504 -9810 1016 ) ( 9504 -9792 1034 ) metal5_4 0 0 0 1 1
}
// brush 3
{
( 9216 -1152 -1288 ) ( 9216 -1134 -1288 ) ( 9216 -1152 -1270 ) metal5_4 0 0 0 1 1
( 9216 -9216 -1288 ) ( 9216 -9216 -1270 ) ( 9234 -9216 -1288 ) metal5_4 0 0 0 1 1
( 9216 -1152 -9352 ) ( 9234 -1152 -9352 ) ( 9216 -1134 -9352 ) metal5_4 0 0 0 1 1
( 9792 1152 9080 ) ( 9792 1170 9080 ) ( 9810 1152 9080 ) metal5_4 0 0 0 1 1
( 9792 9216 1016 ) ( 9810 9216 1016 ) ( 9792 9216 1034 ) metal5_4 0 0 0 1 1
( 9504 1152 1016 ) ( 9504 1152 1034 ) ( 9504 1170 1016 ) metal5_4 0 0 0 1 1
}
// brush 4
{
( -9504 -1152 -1288 ) ( -9504 -1134 -1288 ) ( -9504 -1152 -1270 ) metal5_4 0 0 0 1 1
( -9504 -9216 -1288 ) ( -9504 -9216 -1270 ) ( -9486 -9216 -1288 ) metal5_4 0 0 0 1 1
( -9504 -1152 -9352 ) ( -9486 -1152 -9352 ) ( -9504 -1134 -9352 ) metal5_4 0 0 0 1 1
( -8928 1152 9080 ) ( -8928 1170 9080 ) ( -8910 1152 9080 ) metal5_4 0 0 0 1 1
( -8928 9216 1016 ) ( -8910 9216 1016 ) ( -8928 9216 1034 ) metal5_4 0 0 0 1 1
( -9216 1152 1016 ) ( -9216 1152 1034 ) ( -9216 1170 1016 ) metal5_4 0 0 0 1 1
}
// brush 5
{
( -9216 -1152 9080 ) ( -9216 -1134 9080 ) ( -9216 -1152 9098 ) sky1 0 0 0 1 1
( -1152 -9216 9080 ) ( -1152 -9216 9098 ) ( -1134 -9216 9080 ) sky1 0 0 0 1 1
( -1152 -1152 9080 ) ( -1134 -1152 9080 ) ( -1152 -1134 9080 ) sky1 0 0 0 1 1
( 1152 1152 9368 ) ( 1152 1170 9368 ) ( 1170 1152 9368 ) sky1 0 0 0 1 1
( 1152 9216 9656 ) ( 1170 9216 9656 ) ( 1152 9216 9674 ) sky1 0 0 0 1 1
( 9216 1152 9656 ) ( 9216 1152 9674 ) ( 9216 1170 9656 ) sky1 0 0 0 1 1
}
}
// entity 1
{
"classname" "info_player_deathmatch"
"origin" "3728 9008 -8976"
}
// entity 2
{
"classname" "info_player_coop"
"origin" "3728 9072 -8976"
}
// entity 3
{
"classname" "info_player_start"
"origin" "3728 8944 -8976"
}
// entity 4
{
"classname" "monster_knight"
"origin" "3824 9072 -8976"
}
